 0.000000 0.000000 
 0.000000 0.000000 
 0.000000 0.000000 
 0.000000 0.000000 
 0.000000 0.000000 
 0.000000 0.000000 
 0.000000 0.000000 
 0.000000 0.000000 
 0.000000 0.000000 
 0.000000 0.000000 
 0.000000 0.000000 
 0.000000 0.000000 
 0.000000 0.000000 
 0.000000 0.000000 
 0.000000 0.000000 
 0.000000 0.000000 
 0.000000 0.000000 
 0.000000 0.000000 
 1.000000 0.100000 
 1.000000 0.390000 
 1.000000 0.506000 
 1.000000 0.552400 
 1.000000 0.570960 
 1.000000 0.578384 
 1.000000 0.581354 
 1.000000 0.582541 
 1.000000 0.583017 
 1.000000 0.583207 
 1.000000 0.583283 
 1.000000 0.583313 
 1.000000 0.583325 
 1.000000 0.583330 
 1.000000 0.583332 
 1.000000 0.583333 
 1.000000 0.583333 
 1.000000 0.583333 
 1.000000 0.583333 
 1.000000 0.583333 
 1.000000 0.583333 
 1.000000 0.583333 
 1.000000 0.583333 
 1.000000 0.583333 
 1.000000 0.583333 
 1.000000 0.583333 
 1.000000 0.583333 
 1.000000 0.583333 
 1.000000 0.583333 
 1.000000 0.583333 
 1.000000 0.583333 
 1.000000 0.583333 
 1.000000 0.583333 
 1.000000 0.583333 
 1.000000 0.583333 
 1.000000 0.583333 
 1.000000 0.583333 
 1.000000 0.583333 
 1.000000 0.583333 
 1.000000 0.583333 
 1.000000 0.583333 
 1.000000 0.583333 
 1.000000 0.583333 
 1.000000 0.583333 
 1.000000 0.583333 
 1.000000 0.583333 
 1.000000 0.583333 
 1.000000 0.583333 
 1.000000 0.583333 
 1.000000 0.583333 
 1.000000 0.583333 
 1.000000 0.583333 
 1.000000 0.583333 
 1.000000 0.583333 
 1.000000 0.583333 
 1.000000 0.583333 
 1.000000 0.583333 
 1.000000 0.583333 
 1.000000 0.583333 
 1.000000 0.583333 
 1.000000 0.583333 
 1.000000 0.583333 
 1.000000 0.583333 
 1.000000 0.583333 
 1.000000 0.583333 
 1.000000 0.583333 
 1.000000 0.583333 
 1.000000 0.583333 
 1.000000 0.583333 
 1.000000 0.583333 
 1.000000 0.583333 
 1.000000 0.583333 
 1.000000 0.583333 
 1.000000 0.583333 
 1.000000 0.583333 
 1.000000 0.583333 
 1.000000 0.583333 
 1.000000 0.583333 
 1.000000 0.583333 
 1.000000 0.583333 
 1.000000 0.583333 
 1.000000 0.583333 
